1852725342
1703861044
2482848324
3164512200
1659387399
625396849
3297280394
1852763922
1451703349
1703861175
3164512581
714409720
2874132864
1192501957
1666570963
1891737867
1720925598
1180608295
2214786451
1666691946
3297280624
2108058133
1939841470
2796360809
3039011992
519486021
1674492948
1785758709
1674517882
2267994360
894825386
2796361345
1798555740
1720143541
1053722060
3297280180
2310802479
3297595667
2010907022
2230058084
981951080
1771625896
3297280389
1850143466
1054348320
1720925601
2310866376
3164512576
1798504383
974611098
2310802547
3479121434
3164511829
3164512209
1067698544
3164513011
2859672978
1771625975
3517511667
3901591399
3901582760
4466156771
